[Calibration Value]
CAM0=1
CAM1=1
CAM2=0.028505
CAM3=0.029012
CAM4=1
CAM5=0.02872
[Calibration Value2]
CAM0=0.0291481688665659
CAM1=1
CAM2=0.0287035659376085
CAM3=0.0291016607951686
CAM4=1
CAM5=0.0289912155065406
[Calibration Value3]
CAM0=0.0295491697112078
CAM1=1
CAM2=0.0297932001402033
CAM3=0.0298708893787395
CAM4=1
CAM5=0.029663
[Spec Value]
2.4Point_Min=2.3
2.4Point_Stand=2.4
2.4Point_Max=2.55
3.4Point_Min=3.2
3.4Point_Stand=3.3
3.4Point_Max=3.6
